29
52
69
95
26
95
11
89
46
66
94
5
53
97
17
64
69
59
42
69
51
78
18
40
32
78
45
20
59
54
83
48
86
10
100
31
29
51
65
73
78
16
57
37
47
38
25
88
63
46
22
84
4
26
76
17
14
4
100
41
44
5
94
11
26
85
82
27
7
18
65
8
3
25
56
16
100
16
8
10
1
57
21
69
52
85
2
77
20
58
76
17
83
14
51
54
3
34
79
74
91
21
51
14
26
44
58
33
29
21
87
56
37
42
74
54
90
53
15
14
27
90
44
94
79
74
44
14
22
62
42
66
99
77
37
31
45
51
82
85
99
5
19
28
49
93
80
78
14
53
45
16
28
86
65
90
23
56
24
17
58
25
37
23
68
45
7
71
55
19
50
94
63
100
69
86
71
96
77
74
64
75
94
66
37
54
82
5
16
49
63
45
47
27
27
91
83
76
63
64
30
74
74
30
12
87
81
14
88
12
15
34
78
24
6
96
2
48
68
75
97
52
18
26
94
27
59
32
20
11
4
15
100
93
51
67
99
3
51
35
10
4
36
64
53
12
3
39
16
30
77
33
68
77
34
1
73
96
53
68
1
65
75
49
32
21
51
4
45
18
40
4
43
4
31
30
45
80
19
24
65
72
17
21
88
94
6
87
34
29
15
43
93
34
60
62
50
41
19
20
72
2
51
88
81
97
91
74
94
58
36
97
76
90
71
21
75
96
3
93
56
59
91
18
93
14
62
1
19
4
64
50
37
61
4
88
68
57
13
99
46
30
30
31
62
75
33
65
45
58
64
58
84
36
8
74
93
59
96
20
16
32
95
18
30
43
17
20
37
77
25
46
23
89
67
38
1
83
15
45
34
24
100
86
70
54
100
77
19
39
41
47
6
91
23
28
22
45
18
85
2
4
11
37
63
62
57
10
28
6
6
7
33
32
88
53
7
78
95
44
8
28
87
86
24
95
10
31
97
6
36
3
25
100
52
56
89
12
8
86
3
15
34
4
26
15
3
48
45
25
88
94
20
20
95
67
86
23
79
93
48
98
9
50
84
80
87
37
8
8
9
88
11
76
0
2
50
61
68
38
94
71
73
95
94
90
3
24
77
32
55
18
33
83
22
62
13
68
97
28
28
59
68
0
27
97
31
74
2
45
92
2
58
71
73
44
59
17
89
0
81
88
4
90
32
12
62
48
2
5
82
46
81
24
6
56
21
63
3
5
37
39
42
59
18
95
38
90
45
12
18
92
77
80
73
39
8
50
64
79
85
5
28
4
15
20
0
99
3
46
12
72
45
21
87
15
74
95
47
15
39
43
17
68
54
55
11
60
59
1
47
49
72
11
37
9
8
28
45
25
13
6
100
31
59
68
54
35
67
71
94
90
44
61
87
21
71
83
37
79
78
32
7
38
2
88
75
12
54
73
83
74
100
16
2
80
0
74
83
20
43
46
20
17
38
27
49
40
35
21
61
59
97
67
59
31
56
34
33
44
58
4
32
21
51
55
5
52
80
63
46
80
65
96
86
94
40
29
6
36
50
92
68
55
34
95
15
56
98
33
72
97
53
76
53
75
86
22
51
71
45
98
18
29
10
0
73
33
99
86
31
10
8
19
36
53
21
95
52
3
54
34
22
53
11
99
56
68
47
76
74
67
23
47
54
91
89
35
99
34
64
4
93
68
96
74
45
96
11
84
99
11
52
95
18
37
78
36
22
43
74
98
83
59
80
64
63
29
49
5
21
37
80
3
76
84
1
62
68
49
7
64
13
25
82
28
13
4
4
56
1
78
76
74
54
28
19
40
19
42
41
76
16
12
84
57
37
88
93
68
51
65
79
68
87
25
7
74
11
48
4
25
77
42
65
8
100
7
94
0
46
59
75
52
72
66
55
51
29
96
21
89
14
90
47
48
49
25
4
39
87
20
34
15
43
3
21
8
2
1
45
35
51
84
11
26
73
23
23
100
3
25
3
33
8
57
7
94
88
84
11
38
9
24
35
86
30
60
57
77
6
7
43
56
84
47
60
86
39
7
57
69
77
54
94
40
92
38
88
58
63
30
50
43
31
12
28
39
35
32
15
80
1
97
72
32
98
3
81
37
20
62
12
96
71
69
88
2
36
2
50
8
30
95
89
74
39
86
46
89
21
89
61
2
0
15
89
2
38
37
52
97
8
21
41
49
28
14
24
19
29
4
82
79
11
100
93
37
86
69
37
18
2
23
57
34
0
36
40
36
4
16
57
17
79
30
42
37
93
